#0
31 17 17 17 17 17 31
14 17 17 17 17 17 14
14 27 17 17 17 27 14
14 10 10 10 10 10 14
0 14 10 10 10 14 0
#1
4 4 4 4 4 4 4
4 6 4 4 4 4 4
4 6 4 4 4 4 0
4 6 4 4 4 4 14
0 4 4 4 4 4 0
#2
7 25 16 24 6 1 31
15 17 16 30 1 1 31
31 17 24 14 3 1 31
14 17 16 30 1 1 31
0 6 8 12 2 14 0
#3
31 16 16 31 16 16 31
14 16 16 14 16 16 14
14 17 16 14 16 17 14
31 17 16 14 16 17 31
0 14 8 14 8 14 0
#4
12 10 10 9 31 8 8
8 9 9 9 31 8 8
8 14 9 9 31 8 8
9 9 9 15 8 8 8
0 10 10 14 8 8 0
#5
31 1 1 31 16 16 31
31 17 1 14 16 17 14
31 17 1 15 16 17 31
31 17 1 31 16 17 15
0 14 2 14 8 14 0
#6
31 1 1 31 17 17 31
30 1 1 15 17 17 14
14 17 1 15 17 17 14
15 1 1 15 17 17 15
0 14 2 14 10 14 0
#7
31 16 16 16 16 16 16
31 16 8 8 4 4 4
31 16 16 8 8 4 4
14 8 8 28 8 4 4
0 14 8 8 8 8 0
#8
14 17 17 14 17 17 14
14 17 17 31 17 17 14
31 17 17 31 17 17 31
31 17 17 14 17 17 31
0 14 10 14 10 14 0
#9
31 17 17 31 16 16 31
14 17 17 30 16 17 14
31 17 17 30 16 17 15
14 17 17 31 16 17 14
0 14 10 14 8 14 0